72 172
99 172
129 172
155 172
185 172
211 172
241 172
265 172
299 172
324 172
353 172
379 172
409 172
435 172
465 172
492 172
72 217
99 217
129 217
155 217
184 217
211 217
242 217
266 217
299 217
324 217
351 217
379 217
409 217
435 217
464 217
491 217
73 262
99 262
127 262
154 262
183 262
210 262
240 262
264 262
298 262
324 262
352 262
379 262
408 262
435 262
464 262
492 262
71 306
97 306
127 306
154 306
185 306
211 306
241 306
267 306
299 306
325 306
353 306
378 306
408 306
435 306
465 306
491 306
72 352
97 352
128 352
154 352
184 352
211 352
239 352
265 352
296 352
323 352
352 352
378 352
407 352
436 352
465 352
492 352
71 396
97 396
128 396
154 395
183 396
210 395
239 396
266 396
297 395
322 396
352 396
377 396
408 395
435 396
465 396
492 396
71 440
98 440
128 440
154 440
183 440
211 440
240 440
266 440
296 440
322 440
351 440
379 440
409 440
435 440
465 440
491 440
71 484
98 484
128 484
153 484
183 484
211 484
239 484
266 484
296 484
323 485
351 484
378 484
409 484
435 484
466 484
491 484
71 528
98 530
128 530
153 530
182 530
210 530
239 530
266 530
295 530
322 530
352 530
378 530
408 530
433 530
464 530
491 530
71 573
97 573
127 573
154 573
183 573
210 573
239 573
265 574
296 573
323 574
352 574
378 574
408 575
434 575
465 575
491 575
71 619
97 619
126 619
153 619
182 619
209 619
238 619
265 619
294 619
321 619
351 619
376 619
406 619
432 619
462 619
491 619
70 664
96 664
127 664
153 664
182 664
208 664
239 664
265 664
295 664
321 664
352 664
377 664
408 664
433 664
464 664
492 664
70 709
97 709
127 709
154 709
184 709
208 709
237 709
264 709
294 709
320 709
351 709
378 709
408 709
436 709
464 709
493 709